%YAML:1.0
calibrationDate: "Thu Mar 31 20:16:31 2016\n"
leftCameraMat: !!opencv-matrix
   rows: 3
   cols: 3
   dt: d
   data: [ 8.0460554715598539e+02, 0., 2.7470589196244009e+02, 0.,
       8.0083904383493484e+02, 2.3111033314987475e+02, 0., 0., 1. ]
leftCameraDistorsion: !!opencv-matrix
   rows: 1
   cols: 5
   dt: d
   data: [ -5.9372631262959157e-02, 1.1010591697806407e+00, 0., 0.,
       -7.0449004920200142e+00 ]
rightCameraMat: !!opencv-matrix
   rows: 3
   cols: 3
   dt: d
   data: [ 8.0460554715598539e+02, 0., 2.9397502519734581e+02, 0.,
       8.0083904383493484e+02, 2.2574167260592824e+02, 0., 0., 1. ]
rightCameraDistorsion: !!opencv-matrix
   rows: 1
   cols: 5
   dt: d
   data: [ 5.3994152356387666e-02, -1.8456170002506331e+00, 0., 0.,
       2.2309978779751209e+01 ]
rotationMat: !!opencv-matrix
   rows: 3
   cols: 3
   dt: d
   data: [ 9.9980187094652717e-01, 1.5995168998717358e-03,
       -1.9840876934015837e-02, -1.6760736022706489e-03,
       9.9999121292580340e-01, -3.8425054925624634e-03,
       1.9834556438284884e-02, 3.8749989506612669e-03,
       9.9979576652135749e-01 ]
translationMat: !!opencv-matrix
   rows: 3
   cols: 1
   dt: d
   data: [ -9.2666512157981785e+01, 6.1827143102657365e+00,
       1.5072355592644388e-01 ]
leftRectificationMat: !!opencv-matrix
   rows: 3
   cols: 3
   dt: d
   data: [ 9.9766200779716474e-01, -6.4981689151974845e-02,
       -2.1163607279616338e-02, 6.4933676749068067e-02,
       9.9788522525039214e-01, -2.9487032440912416e-03,
       2.1310462734939743e-02, 1.5675783649592460e-03,
       9.9977167737243500e-01 ]
leftProjectionMat: !!opencv-matrix
   rows: 3
   cols: 4
   dt: d
   data: [ 7.8897695859420639e+02, 0., 3.0660824584960938e+02, 0., 0.,
       7.8897695859420639e+02, 2.2994975471496582e+02, 0., 0., 0., 1.,
       0. ]
rightRectificationMat: !!opencv-matrix
   rows: 3
   cols: 3
   dt: d
   data: [ 9.9778030718540811e-01, -6.6571951831093754e-02,
       -1.6229055397702450e-03, 6.6575450641256639e-02,
       9.9777895354579205e-01, 2.2066338567805319e-03,
       1.4724010683531685e-03, -2.3097814751226022e-03,
       9.9999624846527846e-01 ]
rightProjectionMat: !!opencv-matrix
   rows: 3
   cols: 4
   dt: d
   data: [ 7.8897695859420639e+02, 0., 3.0660824584960938e+02,
       -7.3274389561941745e+04, 0., 7.8897695859420639e+02,
       2.2994975471496582e+02, 0., 0., 0., 1., 0. ]
disparity2DepthMat: !!opencv-matrix
   rows: 4
   cols: 4
   dt: d
   data: [ 1., 0., 0., -3.0660824584960938e+02, 0., 1., 0.,
       -2.2994975471496582e+02, 0., 0., 0., 7.8897695859420639e+02, 0.,
       0., 1.0767431340076234e-02, 0. ]
leftValidPixROI: [ 27, 26, 601, 438 ]
rightValidPixROI: [ 55, 63, 508, 375 ]
imageSize: [ 640, 480 ]
