%YAML:1.0
calibrationDate: "Thu Apr 21 14:07:09 2016\n"
leftCameraMat: !!opencv-matrix
   rows: 3
   cols: 3
   dt: d
   data: [ 5.9894674910826711e+02, 0., 3.2211724914670373e+02, 0.,
       5.8621981558110542e+02, 2.2054922651031410e+02, 0., 0., 1. ]
leftCameraDistorsion: !!opencv-matrix
   rows: 1
   cols: 5
   dt: d
   data: [ 2.4560721265101423e-01, -7.9504258699327346e-01, 0., 0.,
       1.0166539713445082e+00 ]
rightCameraMat: !!opencv-matrix
   rows: 3
   cols: 3
   dt: d
   data: [ 5.9894674910826711e+02, 0., 3.1476902884889842e+02, 0.,
       5.8621981558110542e+02, 2.2087109327756977e+02, 0., 0., 1. ]
rightCameraDistorsion: !!opencv-matrix
   rows: 1
   cols: 5
   dt: d
   data: [ 1.2846345943191606e-01, 1.5169022190650566e-01, 0., 0.,
       -8.4512151683704773e-01 ]
rotationMat: !!opencv-matrix
   rows: 3
   cols: 3
   dt: d
   data: [ 9.9997293661933218e-01, 1.4019154646342565e-03,
       7.2222338607291804e-03, -1.3673701666750927e-03,
       9.9998761262112845e-01, -4.7859067190359414e-03,
       -7.2288538328237582e-03, 4.7759017291026575e-03,
       9.9996246651308751e-01 ]
translationMat: !!opencv-matrix
   rows: 3
   cols: 1
   dt: d
   data: [ -1.0082361137872702e+02, 1.8565292028243456e+00,
       4.4157947841884060e-01 ]
leftRectificationMat: !!opencv-matrix
   rows: 3
   cols: 3
   dt: d
   data: [ 9.9985069606454391e-01, -1.7029358738930415e-02,
       2.9302764695505550e-03, 1.7036223026090678e-02,
       9.9985214944443923e-01, -2.3337429892967758e-03,
       -2.8901010799773936e-03, 2.3833153957474873e-03,
       9.9999298353712052e-01 ]
leftProjectionMat: !!opencv-matrix
   rows: 3
   cols: 4
   dt: d
   data: [ 5.8621981558110542e+02, 0., 3.1996587371826172e+02, 0., 0.,
       5.8621981558110542e+02, 2.2056048393249512e+02, 0., 0., 0., 1.,
       0. ]
rightRectificationMat: !!opencv-matrix
   rows: 3
   cols: 3
   dt: d
   data: [ 9.9982092614511620e-01, -1.8410337832579657e-02,
       -4.3789385942641177e-03, 1.8420615321311749e-02,
       9.9982763815018283e-01, 2.3183878474600720e-03,
       4.3355015288090801e-03, -2.3986354281717082e-03,
       9.9998772491194921e-01 ]
rightProjectionMat: !!opencv-matrix
   rows: 3
   cols: 4
   dt: d
   data: [ 5.8621981558110542e+02, 0., 3.1779370117187500e+02,
       -5.9115384888513319e+04, 0., 5.8621981558110542e+02,
       2.2056048393249512e+02, 0., 0., 0., 1., 0. ]
disparity2DepthMat: !!opencv-matrix
   rows: 4
   cols: 4
   dt: d
   data: [ 1., 0., 0., -3.1996587371826172e+02, 0., 1., 0.,
       -2.2056048393249512e+02, 0., 0., 0., 5.8621981558110542e+02, 0.,
       0., 9.9165355463161926e-03, -2.1540426268976055e-02 ]
leftValidPixROI: [ 22, 11, 595, 451 ]
rightValidPixROI: [ 19, 13, 603, 458 ]
imageSize: [ 640, 480 ]
