%YAML:1.0
calibrationDate: "Fri Apr  1 17:36:30 2016\n"
leftCameraMat: !!opencv-matrix
   rows: 3
   cols: 3
   dt: d
   data: [ 6.5928294648146630e+02, 0., 3.2969925020486505e+02, 0.,
       6.5346481643012794e+02, 2.2250522807230132e+02, 0., 0., 1. ]
leftCameraDistorsion: !!opencv-matrix
   rows: 1
   cols: 5
   dt: d
   data: [ 1.6433557585792832e-01, -2.8481131469804897e+00, 0., 0.,
       1.2144468903401302e+01 ]
rightCameraMat: !!opencv-matrix
   rows: 3
   cols: 3
   dt: d
   data: [ 6.5928294648146630e+02, 0., 3.2817502349570429e+02, 0.,
       6.5346481643012794e+02, 2.2617150912257745e+02, 0., 0., 1. ]
rightCameraDistorsion: !!opencv-matrix
   rows: 1
   cols: 5
   dt: d
   data: [ 3.5581419476988646e-02, -1.4217215494490570e-01, 0., 0.,
       -1.2710251413367080e+00 ]
rotationMat: !!opencv-matrix
   rows: 3
   cols: 3
   dt: d
   data: [ 9.9921627056914109e-01, 2.9524028325112122e-02,
       -2.6366197703786162e-02, -2.9428477191381332e-02,
       9.9955886590053167e-01, 4.0047883638529196e-03,
       2.6472804159996172e-02, -3.2257326455985120e-03,
       9.9964432939361270e-01 ]
translationMat: !!opencv-matrix
   rows: 3
   cols: 1
   dt: d
   data: [ -1.1369467999096410e+02, 2.3453741443552428e-01,
       1.4999640625889121e+00 ]
leftRectificationMat: !!opencv-matrix
   rows: 3
   cols: 3
   dt: d
   data: [ 9.9883867760529832e-01, 2.7502172699101057e-02,
       -3.9559153384870469e-02, -2.7434969182027150e-02,
       9.9962107890349616e-01, 2.2407761583053691e-03,
       3.9605789799978849e-02, -1.1528697407901861e-03,
       9.9921471781878823e-01 ]
leftProjectionMat: !!opencv-matrix
   rows: 3
   cols: 4
   dt: d
   data: [ 6.5346481643012794e+02, 0., 2.8067338085174561e+02, 0., 0.,
       6.5346481643012794e+02, 2.7418089866638184e+02, 0., 0., 0., 1.,
       0. ]
rightRectificationMat: !!opencv-matrix
   rows: 3
   cols: 3
   dt: d
   data: [ 9.9991085772188903e-01, -2.0626867260179365e-03,
       -1.3191737313427841e-02, 2.0402927114770066e-03,
       9.9999645515814883e-01, -1.7108117336478057e-03,
       1.3195219419459033e-02, 1.6837442225001663e-03,
       9.9991152168072617e-01 ]
rightProjectionMat: !!opencv-matrix
   rows: 3
   cols: 4
   dt: d
   data: [ 6.5346481643012794e+02, 0., 2.8067338085174561e+02,
       -7.4302096647541082e+04, 0., 6.5346481643012794e+02,
       2.7418089866638184e+02, 0., 0., 0., 1., 0. ]
disparity2DepthMat: !!opencv-matrix
   rows: 4
   cols: 4
   dt: d
   data: [ 1., 0., 0., -2.8067338085174561e+02, 0., 1., 0.,
       -2.7418089866638184e+02, 0., 0., 0., 6.5346481643012794e+02, 0.,
       0., 8.7947022481734138e-03, 0. ]
leftValidPixROI: [ 11, 93, 499, 385 ]
rightValidPixROI: [ 354, 48, 230, 162 ]
imageSize: [ 640, 480 ]
