%YAML:1.0
calibrationDate: "Fri Apr  1 20:44:49 2016\n"
leftCameraMat: !!opencv-matrix
   rows: 3
   cols: 3
   dt: d
   data: [ 5.9348428907863013e+02, 0., 3.0708430778465174e+02, 0.,
       5.8371887923627605e+02, 2.6617701888002148e+02, 0., 0., 1. ]
leftCameraDistorsion: !!opencv-matrix
   rows: 1
   cols: 5
   dt: d
   data: [ 8.9233891652737256e-03, -1.0939263506595724e-01, 0., 0.,
       4.1286638484149353e-02 ]
rightCameraMat: !!opencv-matrix
   rows: 3
   cols: 3
   dt: d
   data: [ 5.9348428907863013e+02, 0., 3.0610672932727130e+02, 0.,
       5.8371887923627605e+02, 2.7527577684777299e+02, 0., 0., 1. ]
rightCameraDistorsion: !!opencv-matrix
   rows: 1
   cols: 5
   dt: d
   data: [ 1.5540117331205459e-03, 2.6559425013157023e-01, 0., 0.,
       -7.2160293682950150e-01 ]
rotationMat: !!opencv-matrix
   rows: 3
   cols: 3
   dt: d
   data: [ 9.9992702164318226e-01, 5.3961596308212956e-03,
       -1.0808924508646227e-02, -5.4990730104040562e-03,
       9.9993961860488345e-01, -9.5141652469603356e-03,
       1.0756931896278053e-02, 9.5729099838511335e-03,
       9.9989631853038630e-01 ]
translationMat: !!opencv-matrix
   rows: 3
   cols: 1
   dt: d
   data: [ -6.3486309276608267e+01, -1.6743605590302875e+00,
       4.4744718201549425e+00 ]
leftRectificationMat: !!opencv-matrix
   rows: 3
   cols: 3
   dt: d
   data: [ 9.9620712190903193e-01, 3.1005776636252369e-02,
       -8.1301980744050539e-02, -3.1395548841462784e-02,
       9.9950084055784905e-01, -3.5198348109844457e-03,
       8.1152262880750670e-02, 6.0590048140035570e-03,
       9.9668329909254394e-01 ]
leftProjectionMat: !!opencv-matrix
   rows: 3
   cols: 4
   dt: d
   data: [ 5.8371887923627605e+02, 0., 3.6312900543212891e+02, 0., 0.,
       5.8371887923627605e+02, 2.7379806900024414e+02, 0., 0., 0., 1.,
       0. ]
rightRectificationMat: !!opencv-matrix
   rows: 3
   cols: 3
   dt: d
   data: [ 9.9718051944269726e-01, 2.6299209247045530e-02,
       -7.0280603561526586e-02, -2.5961745930353327e-02,
       9.9964662400799065e-01, 5.7109419253689913e-03,
       7.0405961340217024e-02, -3.8702328621502751e-03,
       9.9751091317606766e-01 ]
rightProjectionMat: !!opencv-matrix
   rows: 3
   cols: 4
   dt: d
   data: [ 5.8371887923627605e+02, 0., 3.6312900543212891e+02,
       -3.7162937477459323e+04, 0., 5.8371887923627605e+02,
       2.7379806900024414e+02, 0., 0., 0., 1., 0. ]
disparity2DepthMat: !!opencv-matrix
   rows: 4
   cols: 4
   dt: d
   data: [ 1., 0., 0., -3.6312900543212891e+02, 0., 1., 0.,
       -2.7379806900024414e+02, 0., 0., 0., 5.8371887923627605e+02, 0.,
       0., 1.5707016690764092e-02, 0. ]
leftValidPixROI: [ 3, 4, 627, 465 ]
rightValidPixROI: [ 13, 5, 622, 464 ]
imageSize: [ 640, 480 ]
